981
948
81
691
867
296
674
566
43
530
478
254
480
622
36
125
290
730
667
542
513
134
749
360
743
480
377
313
501
794
993
500
750
820
640
521
668
18
252
479
23
102
196
465
602
430
689
85
629
164
702
479
91
48
214
545
11
916
574
425
992
887
293
599
416
736
152
225
197
803
898
74
385
974
948
538
321
520
325
365
808
230
522
888
643
76
65
842
613
576
600
95
326
962
392
637
200
406
94
682
410
402
714
339
727
678
669
20
914
163
424
498
184
225
723
321
424
258
994
115
905
60
979
900
46
301
928
703
309
3
339
367
461
322
315
929
773
665
645
200
705
172
393
550
282
364
117
971
478
978
565
887
474
480
541
443
75
215
862
179
36
935
8
396
190
963
407
475
656
390
5
793
745
141
275
206
998
628
280
762
613
546
149
860
195
330
555
465
663
562
991
981
520
970
992
557
496
697
463
656
637
518
516
347
110
540
431
459
941
334
572
622
6
427
409
494
830
712
58
322
156
462
165
917
528
876
464
232
891
861
279
966
783
153
542
164
384
803
851
862
142
227
94
460
97
197
468
62
738
425
302
886
960
683
747
777
26
633
461
958
219
463
644
101
90
954
25
856
73
895
319
800
735
989
331
658
224
732
575
344
974
22
312
445
464
236
433
458
87
561
26
555
862
942
65
591
635
914
959
417
731
724
570
847
107
971
808
928
167
937
793
107
967
900
792
651
425
830
197
375
530
722
744
84
893
642
899
378
456
872
154
148
517
37
541
147
777
575
895
176
834
143
588
829
268
915
159
436
313
422
653
876
623
303
240
471
610
522
508
579
242
263
545
81
863
898
737
588
487
846
648
215
853
898
782
743
796
522
849
179
211
581
864
14
133
610
484
145
170
60
671
719
770
948
747
173
379
246
833
642
86
724
171
726
134
481
914
910
568
419
683
789
901
298
199
870
366
669
236
223
253
68
570
813
220
321
825
401
413
319
506
336
500
670
447
729
669
93
175
287
824
77
392
690
380
354
921
497
737
612
464
515
364
958
285
967
85
106
409
104
475
870
808
738
54
632
842
439
336
117
349
741
578
682
497
746
446
750
605
605
116
735
322
606
586
140
320
889
320
766
820
813
564
771
613
76
924
928
489
54
984
972
907
898
585
776
497
719
14
663
552
448
647
225
275
965
576
107
112
861
590
862
167
905
141
452
187
817
916
215
330
140
534
554
969
705
428
447
302
912
170
949
566
556
493
957
495
187
124
751
435
532
295
658
202
195
632
667
604
184
227
663
177
380
715
485
192
972
856
943
295
197
503
770
219
900
619
998
791
323
887
741
660
311
476
641
278
488
613
965
289
491
760
189
170
514
666
421
736
304
7
929
441
584
442
780
361
368
741
974
297
862
679
188
818
985
297
881
45
661
737
487
7
720
151
127
169
285
156
470
828
676
80
998
699
84
172
126
421
469
395
518
463
279
526
107
113
939
713
734
988
69
967
535
886
106
321
652
382
725
26
896
121
506
413
584
303
46
773
194
668
217
11
158
54
430
664
10
958
716
683
841
630
596
36
761
1
173
759
59
953
706
347
985
950
933
601
120
503
43
382
374
125
191
424
223
251
216
221
388
702
403
398
682
567
418
754
608
658
119
871
662
299
240
349
877
215
519
212
476
166
176
134
279
637
523
583
833
307
41
861
762
666
487
815
633
203
859
262
89
228
771
120
154
565
939
975
205
268
662
860
589
417
235
677
626
856
146
436
457
966
341
559
796
275
216
872
675
399
948
233
763
145
738
139
191
344
57
388
449
106
756
149
374
893
268
964
416
227
76
25
131
696
150
592
381
51
879
49
612
926
9
498
327
125
919
837
656
491
280
829
595
376
980
124
512
268
994
183
274
258
937
928
578
933
581
171
782
260
455
279
830
413
785
395
945
416
682
683
787
501
65
32
667
495
83
389
50
220
106
105
18
747
412
371
334
296
403
202
487
523
585
678
268
582
582
118
944
627
980
493
677
521
270
929
614
940
131
135
809
583
84
839
716
62
278
769
526
543
399
509
685
333
371
537
511
568
933
900
646
732
87
858
51
2
39
188
570
878
313
631
361
876
197
781
894
158
652
397
641
119
278
284
708
26
631
348
113
979
671
941
928
618
897
110
110
706
847
116
681
107
870
661
385
44
385
204
571
795
770
887
256
799
435
863
957
136
241
523
787
919
484
942
354
642
513
274
309
69
21
764
886
970
316
445
897
45
754
700
449
754
690
447
112
48
733
717
148
855
256
945
211
106
600
89
304
191
185
524
235
462
277
158
164
163
706
366
666
638
556
881
881
522
375
635
326
651
666
141
855
804
585
549
236
111
285
871
220
756
843
881
774
33
856
981
490
878
467
524
702
317
896
888
690
250
440
36
687
254
296
582
317
644
780
327
725
479
787
692
548
521
592
860
338
564
59
817
523
44
419
814
11
821
934
257
590
887
464
211
863
12
916
871
354
885
43
364
534
176
932
288
180
505
234
884
153
393
964
719
589
884
343
407
938
162
437
801
769
600
24
602
328
405
493
385
379
48
205
978
395
695
477
437
979
14
971
934
265
379
6
175
125
689
474
213
170
951
975
481
276
808
102
382
830
141
585
2
745
213
565
585
876
813
475
477
593
23
851
820
679
93
211
284
500
700
990
28
113
989
618
835
306
633
220
630
393
581
962
114
667
361
983
492
412
174
19
455
215
998
531
612
540
999
826
566
38
774
975
914
546
763
764
995
48
592
166
861
794
793
872
190
407
424
739
206
716
934
513
603
19
619
479
130
955
624
523
373
210
749
697
189
7
456
912
286
276
53
805
266
847
826
484
246
868
798
788
116
125
669
886
247
195
739
988
332
353
948
413
204
61
196
297
409
506
157
515
551
265
224
692
421
408
180
879
342
64
847
664
622
370
170
530
51
169
282
806
663
439
264
985
980
153
547
591
286
759
752
792
949
27
204
239
225
574
47
655
353
456
343
141
219
10
28
426
39
325
328
835
983
826
543
501
762
194
713
284
141
12
399
226
848
921
596
315
32
112
862
64
691
150
882
94
272
353
907
649
922
248
282
856
6
189
789
76
486
853
417
941
507
317
244
368
25
913
969
909
779
295
466
869
414
917
354
747
954
43
294
177
484
276
716
931
423
727
580
595
6
38
216
945
663
268
961
708
268
69
259
535
34
331
626
201
389
543
36
795
663
302
633
337
787
129
657
10
709
159
552
797
643
855
665
557
714
233
91
266
725
198
234
543
942
607
625
628
831
729
66
211
366
430
383
840
655
87
708
778
131
583
228
75
854
96
633
860
22
640
580
457
915
975
319
525
86
355
315
254
667
713
976
522
132
186
977
555
490
84
137
559
79
347
520
670
550
752
751
384
199
712
401
20
195
319
825
689
284
637
296
215
371
993
724
287
46
182
959
351
591
934
526
573
385
400
56
610
593
876
546
687
751
788
326
795
33
198
93
654
166
131
842
335
216
743
691
552
933
924
850
365
786
183
818
545
336
478
214
573
851
273
745
189
526
777
988
9
453
300
846
854
864
177
123
129
648
584
468
298
285
981
335
948
794
183
437
599
381
803
187
441
248
890
263
158
455
51
315
816
433
211
578
728
294
211
929
343
994
309
808
242
567
56
970
7
183
322
347
150
944
345
710
556
712
392
360
733
232
987
423
549
265
290
837
301
893
533
552
41
173
277
67
560
768
694
235
957
85
559
958
18
513
378
106
452
782
229
528
511
791
531
627
381
941
664
845
275
807
449
470
168
65
187
901
923
453
452
374
712
978
386
811
894
411
132
166
831
422
100
361
557
687
306
580
7
806
975
317
77
226
241
423
532
251
893
127
350
507
856
767
924
388
870
635
106
612
237
602
768
275
356
239
897
17
669
332
117
200
751
259
220
599
286
182
413
336
852
25
333
768
292
214
350
460
443
335
180
69
112
771
427
651
13
93
561
528
92
183
450
407
815
920
982
654
691
413
428
409
745
243
205
812
621
435
135
821
339
300
980
451
688
490
121
58
633
938
372
53
727
368
53
692
987
578
286
922
746
995
636
671
746
583
572
479
515
799
153
882
586
75
650
595
189
774
107
432
963
307
929
934
947
492
561
188
388
137
7
546
125
775
31
119
888
994
392
567
864
306
672
734
732
591
31
492
274
71
784
156
808
371
35
444
17
67
443
709
603
68
988
194
8
354
433
636
100
310
647
620
921
884
298
60
457
212
211
334
356
410
599
765
753
36
589
202
763
202
303
237
133
961
109
644
922
160
374
363
814
449
461
513
805
726
965
443
913
199
322
904
248
805
445
620
253
507
446
117
141
304
657
391
502
839
235
380
54
669
112
375
334
304
248
659
196
372
652
71
911
668
627
52
297
221
571
758
971
485
870
95
615
691
165
826
89
129
966
632
287
765
93
218
517
777
878
830
606
592
838
274
445
854
870
917
962
32
459
397
244
587
314
115
454
416
1
716
105
348
609
331
509
71
327
595
667
286
772
210
142
123
26
308
180
665
262
